----------- simulation_3 -----------
        
DESCRIPTION
    This file containts additionnal information about the simulation. All units are in S.I.

SUBSYSTEMS
    	S0-Board
		Elastic orthotropic board vibrating in its transverse direction.
		params : {'Nm_p': 5, 'Nn_p': 5, 'h': 0.0029, 'a': 0.5, 'b': 0.3, 'rho': 600, 'E_x': 15000000000.0, 'E_y': 882352941.1764706, 'G': 600000000.0, 'nu_xy': 0.3, 'nu_yx': 0.3, 'eta': 0, 'R': 0}
		x : [0.         0.         0.         0.         0.         0.
 0.         0.         0.         0.         0.         0.
 0.         0.         0.         0.         0.         0.
 0.         0.         0.         0.         0.         0.
 0.         0.02083333 0.02083333 0.02083333 0.02083333 0.02083333
 0.02083333 0.02083333 0.02083333 0.02083333 0.02083333 0.02083333
 0.02083333 0.02083333 0.02083333 0.02083333 0.02083333 0.02083333
 0.02083333 0.02083333 0.02083333 0.02083333 0.02083333 0.02083333
 0.02083333 0.02083333 0.04166667 0.04166667 0.04166667 0.04166667
 0.04166667 0.04166667 0.04166667 0.04166667 0.04166667 0.04166667
 0.04166667 0.04166667 0.04166667 0.04166667 0.04166667 0.04166667
 0.04166667 0.04166667 0.04166667 0.04166667 0.04166667 0.04166667
 0.04166667 0.04166667 0.04166667 0.0625     0.0625     0.0625
 0.0625     0.0625     0.0625     0.0625     0.0625     0.0625
 0.0625     0.0625     0.0625     0.0625     0.0625     0.0625
 0.0625     0.0625     0.0625     0.0625     0.0625     0.0625
 0.0625     0.0625     0.0625     0.0625     0.08333333 0.08333333
 0.08333333 0.08333333 0.08333333 0.08333333 0.08333333 0.08333333
 0.08333333 0.08333333 0.08333333 0.08333333 0.08333333 0.08333333
 0.08333333 0.08333333 0.08333333 0.08333333 0.08333333 0.08333333
 0.08333333 0.08333333 0.08333333 0.08333333 0.08333333 0.10416667
 0.10416667 0.10416667 0.10416667 0.10416667 0.10416667 0.10416667
 0.10416667 0.10416667 0.10416667 0.10416667 0.10416667 0.10416667
 0.10416667 0.10416667 0.10416667 0.10416667 0.10416667 0.10416667
 0.10416667 0.10416667 0.10416667 0.10416667 0.10416667 0.10416667
 0.125      0.125      0.125      0.125      0.125      0.125
 0.125      0.125      0.125      0.125      0.125      0.125
 0.125      0.125      0.125      0.125      0.125      0.125
 0.125      0.125      0.125      0.125      0.125      0.125
 0.125      0.14583333 0.14583333 0.14583333 0.14583333 0.14583333
 0.14583333 0.14583333 0.14583333 0.14583333 0.14583333 0.14583333
 0.14583333 0.14583333 0.14583333 0.14583333 0.14583333 0.14583333
 0.14583333 0.14583333 0.14583333 0.14583333 0.14583333 0.14583333
 0.14583333 0.14583333 0.16666667 0.16666667 0.16666667 0.16666667
 0.16666667 0.16666667 0.16666667 0.16666667 0.16666667 0.16666667
 0.16666667 0.16666667 0.16666667 0.16666667 0.16666667 0.16666667
 0.16666667 0.16666667 0.16666667 0.16666667 0.16666667 0.16666667
 0.16666667 0.16666667 0.16666667 0.1875     0.1875     0.1875
 0.1875     0.1875     0.1875     0.1875     0.1875     0.1875
 0.1875     0.1875     0.1875     0.1875     0.1875     0.1875
 0.1875     0.1875     0.1875     0.1875     0.1875     0.1875
 0.1875     0.1875     0.1875     0.1875     0.20833333 0.20833333
 0.20833333 0.20833333 0.20833333 0.20833333 0.20833333 0.20833333
 0.20833333 0.20833333 0.20833333 0.20833333 0.20833333 0.20833333
 0.20833333 0.20833333 0.20833333 0.20833333 0.20833333 0.20833333
 0.20833333 0.20833333 0.20833333 0.20833333 0.20833333 0.22916667
 0.22916667 0.22916667 0.22916667 0.22916667 0.22916667 0.22916667
 0.22916667 0.22916667 0.22916667 0.22916667 0.22916667 0.22916667
 0.22916667 0.22916667 0.22916667 0.22916667 0.22916667 0.22916667
 0.22916667 0.22916667 0.22916667 0.22916667 0.22916667 0.22916667
 0.25       0.25       0.25       0.25       0.25       0.25
 0.25       0.25       0.25       0.25       0.25       0.25
 0.25       0.25       0.25       0.25       0.25       0.25
 0.25       0.25       0.25       0.25       0.25       0.25
 0.25       0.27083333 0.27083333 0.27083333 0.27083333 0.27083333
 0.27083333 0.27083333 0.27083333 0.27083333 0.27083333 0.27083333
 0.27083333 0.27083333 0.27083333 0.27083333 0.27083333 0.27083333
 0.27083333 0.27083333 0.27083333 0.27083333 0.27083333 0.27083333
 0.27083333 0.27083333 0.29166667 0.29166667 0.29166667 0.29166667
 0.29166667 0.29166667 0.29166667 0.29166667 0.29166667 0.29166667
 0.29166667 0.29166667 0.29166667 0.29166667 0.29166667 0.29166667
 0.29166667 0.29166667 0.29166667 0.29166667 0.29166667 0.29166667
 0.29166667 0.29166667 0.29166667 0.3125     0.3125     0.3125
 0.3125     0.3125     0.3125     0.3125     0.3125     0.3125
 0.3125     0.3125     0.3125     0.3125     0.3125     0.3125
 0.3125     0.3125     0.3125     0.3125     0.3125     0.3125
 0.3125     0.3125     0.3125     0.3125     0.33333333 0.33333333
 0.33333333 0.33333333 0.33333333 0.33333333 0.33333333 0.33333333
 0.33333333 0.33333333 0.33333333 0.33333333 0.33333333 0.33333333
 0.33333333 0.33333333 0.33333333 0.33333333 0.33333333 0.33333333
 0.33333333 0.33333333 0.33333333 0.33333333 0.33333333 0.35416667
 0.35416667 0.35416667 0.35416667 0.35416667 0.35416667 0.35416667
 0.35416667 0.35416667 0.35416667 0.35416667 0.35416667 0.35416667
 0.35416667 0.35416667 0.35416667 0.35416667 0.35416667 0.35416667
 0.35416667 0.35416667 0.35416667 0.35416667 0.35416667 0.35416667
 0.375      0.375      0.375      0.375      0.375      0.375
 0.375      0.375      0.375      0.375      0.375      0.375
 0.375      0.375      0.375      0.375      0.375      0.375
 0.375      0.375      0.375      0.375      0.375      0.375
 0.375      0.39583333 0.39583333 0.39583333 0.39583333 0.39583333
 0.39583333 0.39583333 0.39583333 0.39583333 0.39583333 0.39583333
 0.39583333 0.39583333 0.39583333 0.39583333 0.39583333 0.39583333
 0.39583333 0.39583333 0.39583333 0.39583333 0.39583333 0.39583333
 0.39583333 0.39583333 0.41666667 0.41666667 0.41666667 0.41666667
 0.41666667 0.41666667 0.41666667 0.41666667 0.41666667 0.41666667
 0.41666667 0.41666667 0.41666667 0.41666667 0.41666667 0.41666667
 0.41666667 0.41666667 0.41666667 0.41666667 0.41666667 0.41666667
 0.41666667 0.41666667 0.41666667 0.4375     0.4375     0.4375
 0.4375     0.4375     0.4375     0.4375     0.4375     0.4375
 0.4375     0.4375     0.4375     0.4375     0.4375     0.4375
 0.4375     0.4375     0.4375     0.4375     0.4375     0.4375
 0.4375     0.4375     0.4375     0.4375     0.45833333 0.45833333
 0.45833333 0.45833333 0.45833333 0.45833333 0.45833333 0.45833333
 0.45833333 0.45833333 0.45833333 0.45833333 0.45833333 0.45833333
 0.45833333 0.45833333 0.45833333 0.45833333 0.45833333 0.45833333
 0.45833333 0.45833333 0.45833333 0.45833333 0.45833333 0.47916667
 0.47916667 0.47916667 0.47916667 0.47916667 0.47916667 0.47916667
 0.47916667 0.47916667 0.47916667 0.47916667 0.47916667 0.47916667
 0.47916667 0.47916667 0.47916667 0.47916667 0.47916667 0.47916667
 0.47916667 0.47916667 0.47916667 0.47916667 0.47916667 0.47916667
 0.5        0.5        0.5        0.5        0.5        0.5
 0.5        0.5        0.5        0.5        0.5        0.5
 0.5        0.5        0.5        0.5        0.5        0.5
 0.5        0.5        0.5        0.5        0.5        0.5
 0.5       ]
		y : [0.     0.0125 0.025  0.0375 0.05   0.0625 0.075  0.0875 0.1    0.1125
 0.125  0.1375 0.15   0.1625 0.175  0.1875 0.2    0.2125 0.225  0.2375
 0.25   0.2625 0.275  0.2875 0.3    0.     0.0125 0.025  0.0375 0.05
 0.0625 0.075  0.0875 0.1    0.1125 0.125  0.1375 0.15   0.1625 0.175
 0.1875 0.2    0.2125 0.225  0.2375 0.25   0.2625 0.275  0.2875 0.3
 0.     0.0125 0.025  0.0375 0.05   0.0625 0.075  0.0875 0.1    0.1125
 0.125  0.1375 0.15   0.1625 0.175  0.1875 0.2    0.2125 0.225  0.2375
 0.25   0.2625 0.275  0.2875 0.3    0.     0.0125 0.025  0.0375 0.05
 0.0625 0.075  0.0875 0.1    0.1125 0.125  0.1375 0.15   0.1625 0.175
 0.1875 0.2    0.2125 0.225  0.2375 0.25   0.2625 0.275  0.2875 0.3
 0.     0.0125 0.025  0.0375 0.05   0.0625 0.075  0.0875 0.1    0.1125
 0.125  0.1375 0.15   0.1625 0.175  0.1875 0.2    0.2125 0.225  0.2375
 0.25   0.2625 0.275  0.2875 0.3    0.     0.0125 0.025  0.0375 0.05
 0.0625 0.075  0.0875 0.1    0.1125 0.125  0.1375 0.15   0.1625 0.175
 0.1875 0.2    0.2125 0.225  0.2375 0.25   0.2625 0.275  0.2875 0.3
 0.     0.0125 0.025  0.0375 0.05   0.0625 0.075  0.0875 0.1    0.1125
 0.125  0.1375 0.15   0.1625 0.175  0.1875 0.2    0.2125 0.225  0.2375
 0.25   0.2625 0.275  0.2875 0.3    0.     0.0125 0.025  0.0375 0.05
 0.0625 0.075  0.0875 0.1    0.1125 0.125  0.1375 0.15   0.1625 0.175
 0.1875 0.2    0.2125 0.225  0.2375 0.25   0.2625 0.275  0.2875 0.3
 0.     0.0125 0.025  0.0375 0.05   0.0625 0.075  0.0875 0.1    0.1125
 0.125  0.1375 0.15   0.1625 0.175  0.1875 0.2    0.2125 0.225  0.2375
 0.25   0.2625 0.275  0.2875 0.3    0.     0.0125 0.025  0.0375 0.05
 0.0625 0.075  0.0875 0.1    0.1125 0.125  0.1375 0.15   0.1625 0.175
 0.1875 0.2    0.2125 0.225  0.2375 0.25   0.2625 0.275  0.2875 0.3
 0.     0.0125 0.025  0.0375 0.05   0.0625 0.075  0.0875 0.1    0.1125
 0.125  0.1375 0.15   0.1625 0.175  0.1875 0.2    0.2125 0.225  0.2375
 0.25   0.2625 0.275  0.2875 0.3    0.     0.0125 0.025  0.0375 0.05
 0.0625 0.075  0.0875 0.1    0.1125 0.125  0.1375 0.15   0.1625 0.175
 0.1875 0.2    0.2125 0.225  0.2375 0.25   0.2625 0.275  0.2875 0.3
 0.     0.0125 0.025  0.0375 0.05   0.0625 0.075  0.0875 0.1    0.1125
 0.125  0.1375 0.15   0.1625 0.175  0.1875 0.2    0.2125 0.225  0.2375
 0.25   0.2625 0.275  0.2875 0.3    0.     0.0125 0.025  0.0375 0.05
 0.0625 0.075  0.0875 0.1    0.1125 0.125  0.1375 0.15   0.1625 0.175
 0.1875 0.2    0.2125 0.225  0.2375 0.25   0.2625 0.275  0.2875 0.3
 0.     0.0125 0.025  0.0375 0.05   0.0625 0.075  0.0875 0.1    0.1125
 0.125  0.1375 0.15   0.1625 0.175  0.1875 0.2    0.2125 0.225  0.2375
 0.25   0.2625 0.275  0.2875 0.3    0.     0.0125 0.025  0.0375 0.05
 0.0625 0.075  0.0875 0.1    0.1125 0.125  0.1375 0.15   0.1625 0.175
 0.1875 0.2    0.2125 0.225  0.2375 0.25   0.2625 0.275  0.2875 0.3
 0.     0.0125 0.025  0.0375 0.05   0.0625 0.075  0.0875 0.1    0.1125
 0.125  0.1375 0.15   0.1625 0.175  0.1875 0.2    0.2125 0.225  0.2375
 0.25   0.2625 0.275  0.2875 0.3    0.     0.0125 0.025  0.0375 0.05
 0.0625 0.075  0.0875 0.1    0.1125 0.125  0.1375 0.15   0.1625 0.175
 0.1875 0.2    0.2125 0.225  0.2375 0.25   0.2625 0.275  0.2875 0.3
 0.     0.0125 0.025  0.0375 0.05   0.0625 0.075  0.0875 0.1    0.1125
 0.125  0.1375 0.15   0.1625 0.175  0.1875 0.2    0.2125 0.225  0.2375
 0.25   0.2625 0.275  0.2875 0.3    0.     0.0125 0.025  0.0375 0.05
 0.0625 0.075  0.0875 0.1    0.1125 0.125  0.1375 0.15   0.1625 0.175
 0.1875 0.2    0.2125 0.225  0.2375 0.25   0.2625 0.275  0.2875 0.3
 0.     0.0125 0.025  0.0375 0.05   0.0625 0.075  0.0875 0.1    0.1125
 0.125  0.1375 0.15   0.1625 0.175  0.1875 0.2    0.2125 0.225  0.2375
 0.25   0.2625 0.275  0.2875 0.3    0.     0.0125 0.025  0.0375 0.05
 0.0625 0.075  0.0875 0.1    0.1125 0.125  0.1375 0.15   0.1625 0.175
 0.1875 0.2    0.2125 0.225  0.2375 0.25   0.2625 0.275  0.2875 0.3
 0.     0.0125 0.025  0.0375 0.05   0.0625 0.075  0.0875 0.1    0.1125
 0.125  0.1375 0.15   0.1625 0.175  0.1875 0.2    0.2125 0.225  0.2375
 0.25   0.2625 0.275  0.2875 0.3    0.     0.0125 0.025  0.0375 0.05
 0.0625 0.075  0.0875 0.1    0.1125 0.125  0.1375 0.15   0.1625 0.175
 0.1875 0.2    0.2125 0.225  0.2375 0.25   0.2625 0.275  0.2875 0.3
 0.     0.0125 0.025  0.0375 0.05   0.0625 0.075  0.0875 0.1    0.1125
 0.125  0.1375 0.15   0.1625 0.175  0.1875 0.2    0.2125 0.225  0.2375
 0.25   0.2625 0.275  0.2875 0.3   ]

EXTERNAL FORCES
	F0-
CONSTRAINTS

INITIAL CONDITIONS
	I0-Rest
		A rest initial condition at a point means that x=xd=xdd=0 at t=0.
		initial : {'idx_sys': 0}
